-----------------------------------------------------------------
		   BETA REGRESSION ESTIMATION
-----------------------------------------------------------------

 MEAN AND VARIANCE OF Y:
 
   0.19659   0.01114


 INITIAL VALUES FOR THE ML ESTIMATION:
 
        -6.41631
         1.83614
         1.39221
         1.61020
         1.10446
         1.14510
         1.07865
         0.48318
         0.43954
         0.41422
         0.01160
       259.56432
         1.00000

-----------------------------------------------------------------

 CONVERGENCE STATUS UNDER H1: Strong convergence

 CONVERGENCE STATUS UNDER H0: Strong convergence

 PARAMETER ESTIMATES AND ASYMPTOTIC STANDARD ERRORS: 

                    estimates     std. errors         z stats        p-values
intercept            -8.80033         0.69618       -12.64094         0.00000
batch1                3.23866         0.39347         8.23097         0.00000
batch2                2.30285         0.28463         8.09077         0.00000
batch3                2.69832         0.32037         8.42243         0.00000
batch4                1.89856         0.24618         7.71199         0.00000
batch5                1.91582         0.23971         7.99209         0.00000
batch6                1.82946         0.23903         7.65376         0.00000
batch7                1.02116         0.17766         5.74799         0.00000
batch8                0.88244         0.16197         5.44800         0.00000
batch9                0.64834         0.14517         4.46618         0.00001
temp                  0.01888         0.00206         9.17288         0.00000
phi                 942.45792       235.58818         4.00045         0.00006
lambda                6.60234         1.33508         4.94528         0.00000

	 Sample size:32

pseudoR2           0.95879
pseudoR2LR         0.98606
AIC                -167.50
BIC                -148.45

 ASYMPTOTIC COVARIANCE MATRIX OF ML ESTIMATES:

       0.48466      -0.26441      -0.18549      -0.21211      -0.15730      -0.14849      -0.14846      -0.10093      -0.08165      -0.05125      -0.00142      -2.82238      -0.88813
      -0.26441       0.15482       0.10403       0.11877       0.08941       0.08519       0.08482       0.05806       0.04803       0.03151       0.00077       1.23661       0.49873
      -0.18549       0.10403       0.08101       0.08394       0.06349       0.06037       0.06024       0.04208       0.03499       0.02357       0.00053       0.86266       0.33885
      -0.21211       0.11877       0.08394       0.10264       0.07208       0.06854       0.06836       0.04741       0.03929       0.02617       0.00061       1.01237       0.39085
      -0.15730       0.08941       0.06349       0.07208       0.06061       0.05241       0.05221       0.03663       0.03075       0.02110       0.00045       0.70648       0.29035
      -0.14849       0.08519       0.06037       0.06854       0.05241       0.05746       0.04991       0.03500       0.02955       0.02043       0.00043       0.70263       0.27761
      -0.14846       0.08482       0.06024       0.06836       0.05221       0.04991       0.05713       0.03493       0.02942       0.02033       0.00042       0.68110       0.27514
      -0.10093       0.05806       0.04208       0.04741       0.03663       0.03500       0.03493       0.03156       0.02159       0.01556       0.00028       0.33138       0.17925
      -0.08165       0.04803       0.03499       0.03929       0.03075       0.02955       0.02942       0.02159       0.02624       0.01387       0.00022       0.31820       0.14597
      -0.05125       0.03151       0.02357       0.02617       0.02110       0.02043       0.02033       0.01556       0.01387       0.02107       0.00013       0.23116       0.08862
      -0.00142       0.00077       0.00053       0.00061       0.00045       0.00043       0.00042       0.00028       0.00022       0.00013       0.00000       0.00716       0.00267
      -2.82238       1.23661       0.86266       1.01237       0.70648       0.70263       0.68110       0.33138       0.31820       0.23116       0.00716   55501.79065       3.10192
      -0.88813       0.49873       0.33885       0.39085       0.29035       0.27761       0.27514       0.17925       0.14597       0.08862       0.00267       3.10192       1.78243

-----------------------------------------------------------------
		LIKELIHOOD RATIO TEST STATISTICS
-----------------------------------------------------------------
	     NULL HYPOTHESIS: lambda = 1 (logit link):
-----------------------------------------------------------------

      	 test statistic         p-value
w            23.905801        0.000001
w*           14.047679        0.000178
w**          15.063986        0.000104

-----------------------------------------------------------------
